# cline: mcl bit/static/wgd_files/tmpdir//wgdtmp_0d6e4b46-3c86-40f2-b630-dc2e5f36c5f2/egu1000.fasta_egu1000.fasta.mci "-I" "2.0" "-o" "bit/static/wgd_files/tmpdir//wgdtmp_0d6e4b46-3c86-40f2-b630-dc2e5f36c5f2/egu1000.fasta_egu1000.fasta.tab.I20.0"
(mclheader
mcltype matrix
dimensions 158x45
)
(mclmatrix
begin
0   60 62 63 64 67 68 86 92 104 114 118 119 125 130 $
1   2 3 7 16 17 18 19 25 27 35 40 41 $
2   20 21 30 36 37 72 115 136 141 $
3   4 5 6 8 11 12 23 $
4   38 39 42 43 44 48 53 $
5   82 83 87 88 89 90 91 $
6   49 50 51 52 55 93 $
7   98 99 103 120 122 140 $
8   13 14 15 22 $
9   24 26 28 29 $
10  45 46 54 66 $
11  76 77 84 85 $
12  105 106 113 121 $
13  47 69 73 $
14  80 81 102 $
15  128 129 133 $
16  131 132 153 $
17  134 135 139 $
18  137 138 142 $
19  0 1 $
20  9 10 $
21  31 32 $
22  33 34 $
23  56 57 $
24  58 61 $
25  59 65 $
26  70 71 $
27  74 75 $
28  78 79 $
29  94 95 $
30  96 97 $
31  100 101 $
32  107 108 $
33  109 110 $
34  111 112 $
35  116 117 $
36  123 124 $
37  126 127 $
38  143 144 $
39  145 146 $
40  147 148 $
41  149 150 $
42  151 152 $
43  154 155 $
44  156 157 $
)
